 -0.20740208413589858       -5.7402084135898597E-002  0.19163139397405499     
 -0.19578200992656558       -6.2256605484254698E-002  0.18656050771700700     
 -0.21225660659893719       -4.5782010113554802E-002  0.18656050835353299     
 -0.20034102129747369       -5.0341020257831798E-002  0.17979723441056500     
 -0.21268040271798630       -6.2414004953961301E-002  0.20340025105840101     
 -0.20074699877662960       -6.9124877476086005E-002  0.19861133743390399     
 -0.21932534024775951       -5.0472710055451703E-002  0.19860522315069001     
 -0.20669034982216988       -5.6483749585068299E-002  0.19250000776178000     
 -0.21672249351801129       -6.6252089967282296E-002  0.21606597604236299     
 -0.20442668777465520       -7.4829835812258105E-002  0.21214249803024501     
 -0.22517274278203070       -5.3924950553858701E-002  0.21213509350488999     
 -0.21176472287545950       -6.1397445251765402E-002  0.20727140356767201     
 -0.21946672076738499       -6.8857808109277205E-002  0.22937626842848000     
 -0.20686145103650280       -7.8897377371497407E-002  0.22680801395963299     
 -0.22935013052834499       -5.6202309644900299E-002  0.22679930129785300     
 -0.21530888034883378       -6.4817060405436500E-002  0.22366691929269700     
 -0.22085379334162991       -7.0174877597158097E-002  0.24308123275572599     
 -0.20806767012437560       -8.0991433624878997E-002  0.24218939223659899     
 -0.23150280859715588       -5.7327234543357503E-002  0.24218557891770301     
 -0.21710804999449429       -6.6548826286337695E-002  0.24110569550239200     
 -0.22085377963604308       -7.0174866245017703E-002  0.25691901164871900     
 -0.20806765912632741       -8.0991417533854304E-002  0.25781088609045599     
 -0.23150279153465139       -5.7327226659031102E-002  0.25781470116572802     
 -0.21710803622191188       -6.6548814084234603E-002  0.25889461679668202     
 -0.21946668248369899       -6.8857781258814393E-002  0.27062395594723199     
 -0.20686141558843069       -7.8897322210252099E-002  0.27319223908123202     
 -0.22935006672479169       -5.6202286442696897E-002  0.27320095245593301     
 -0.21530882424751030       -6.4817013601503007E-002  0.27633336098721001     
 -0.21672242877011388       -6.6252032945897404E-002  0.28393424868977302     
 -0.20442663113104639       -7.4829752142047595E-002  0.28785774714663898     
 -0.22517265346530860       -5.3924902361024103E-002  0.28786515144649599     
 -0.21176464542622608       -6.1397374050732798E-002  0.29272885999579301     
 -0.21268038051802451       -6.2413984903566699E-002  0.29659980300159500     
 -0.20074698312878789       -6.9124854237056693E-002  0.30138872432589198     
 -0.21932531588433579       -5.0472696974773801E-002  0.30139483861554800     
 -0.20669032984052840       -5.6483731106343603E-002  0.30750005500953198     
 -0.20740208413589858       -5.7402084135898597E-002  0.30836860602594501     
 -0.19578201448646021       -6.2256612418587098E-002  0.31343949625638501     
 -0.21225661498453000       -4.5782015418720699E-002  0.31343949602153898     
 -0.20034102900886741       -5.0341027166695501E-002  0.32020276556609101     
 -0.21599585991681400       -3.3316886501380198E-002  0.18269384513581999     
 -0.20372224758418250       -3.7025552466697399E-002  0.17427894998983900     
 -0.22484111399799311       -3.7110969362142997E-002  0.19507783487567501     
 -0.21144476703324799       -4.1867381107142297E-002  0.18768750136671800     
 -0.23217086646595830       -3.9813524835850198E-002  0.20932778056459100     
 -0.21766620679946219       -4.5624291860411399E-002  0.20354657974543100     
 -0.23739068174509531       -4.1553660461503598E-002  0.22499846209675001     
 -0.22201635554212679       -4.8186466306213302E-002  0.22131526747864300     
 -0.24012824814561401       -4.2411258825580500E-002  0.24156330899374101     
 -0.22426793089988939       -4.9480423944348900E-002  0.24029975630517000     
 -0.24012822730355429       -4.2411253313682000E-002  0.25843698815036897     
 -0.22426791416435310       -4.9480415269560603E-002  0.25970058269973301     
 -0.23739061171722781       -4.1553645487137497E-002  0.27500180743964397     
 -0.22201629528770861       -4.8186434361087299E-002  0.27868503771020398     
 -0.23217076781998391       -3.9813490448805597E-002  0.29067247700041798     
 -0.21766612393583359       -4.5624241011534603E-002  0.29645370553703598     
 -0.22484108002259459       -3.7110958320464398E-002  0.30492222534780100     
 -0.21144474076514230       -4.1867366794479298E-002  0.31231256441125299     
 -0.21599586648191038       -3.3316890004764600E-002  0.31730615574069099     
 -0.20372225523050300       -3.7025557955232602E-002  0.32572104948030500     
 -0.21853053999295458       -2.0237080664145601E-002  0.18008712797686000     
 -0.20597320626177820       -2.2671161369561099E-002  0.17033999608414199     
 -0.22876624986842969       -2.2652023048492100E-002  0.19276359902292101     
 -0.21477083593740259       -2.5728894443647600E-002  0.18433662895055400     
 -0.23715947677619770       -2.4326082330964699E-002  0.20751918403361699     
 -0.22180995007196219       -2.8050718489882200E-002  0.20099653899935699     
 -0.24307606292230960       -2.5380800170840899E-002  0.22385271297411499     
 -0.22669592532095689       -2.9606927659523601E-002  0.21972397071548300     
 -0.24615525132584079       -2.5893544454539001E-002  0.24117174575101899     
 -0.22920972867356371       -3.0385285051993401E-002  0.23975953001638700     
 -0.24615522927916911       -2.5893541182658100E-002  0.25882857116552099     
 -0.22920971116551489       -3.0385278972116101E-002  0.26024083173689100     
 -0.24307598770223371       -2.5380791785071299E-002  0.27614757506370602     
 -0.22669586064555419       -2.9606906827381901E-002  0.28027635555517699     
 -0.23715935778910499       -2.4326059124429599E-002  0.29248108679483398     
 -0.22180985001342640       -2.8050682217711800E-002  0.29900376251133098     
 -0.22876620579046869       -2.2652014660135299E-002  0.30723646622664003     
 -0.21477080080248878       -2.5728879860536000E-002  0.31566344094899501     
 -0.21853054968321139       -2.0237085707098802E-002  0.31991287805183799     
 -0.20597321567849650       -2.2671161936856900E-002  0.32966000623702801     
 -0.21973770125895048       -6.7876879923395800E-003  0.17868753056389100     
 -0.20702522681705779       -7.6482675763985602E-003  0.16824810125930001     
 -0.23076029277781701       -7.5169475497533101E-003  0.19153811558039999     
 -0.21642812982340998       -8.6154138817091507E-003  0.18257147867612700     
 -0.23968899242914821       -7.9915860489439602E-003  0.20657927752302199     
 -0.22387808535026660       -9.3301004094151901E-003  0.19967074638769300     
 -0.24597761591344131       -8.2775169725452097E-003  0.22325972794134999     
 -0.22904694539560139       -9.7964429259140597E-003  0.21889862572452901     
 -0.24922376316881339       -8.4116899314776207E-003  0.24096998320435301     
 -0.23168686039233838       -1.0025153082776499E-002  0.23948014569384499     
 -0.24922373260611780       -8.4116888936985705E-003  0.25903030913191999     
 -0.23168683711865951       -1.0025150092793100E-002  0.26052020991393599     
 -0.24597754788465889       -8.2775164267611494E-003  0.27674053734822901     
 -0.22904688839217691       -9.7964358025102397E-003  0.28110169583521000     
 -0.23968886868355679       -7.9915782056759997E-003  0.29342096996507600     
 -0.22387798424427499       -9.3300849814837699E-003  0.30032954978744503     
 -0.23076026157429158       -7.5169436761308396E-003  0.30846192842649600     
 -0.21642810811476529       -8.6154039685455291E-003  0.31742858599868901     
 -0.21973769875962440       -6.7876887221635504E-003  0.32131244534234998     
 -0.20702523041809479       -7.6482613760442799E-003  0.33175188654546900     
 -0.21967638173214921        6.7879349511401699E-003  0.17862968776617899     
 -0.20697140040735049        7.6257274498881004E-003  0.16820937362978600     
 -0.23069168884483870        7.8303182969044899E-003  0.19149061634280301     
 -0.21636121727277507        8.8354079715704196E-003  0.18253715166490700     
 -0.23961009100874031        8.5816583593121103E-003  0.20654549944018599     
 -0.22379498541067661        9.7547150662109505E-003  0.19964527881860900     
 -0.24589928614330780        9.0730364427165297E-003  0.22323867568427100     
 -0.22895982306348778        1.0387330543192101E-002  0.21888193478764001     
 -0.24914504916679781        9.3161086758717006E-003  0.24096287176640099     
 -0.23159703836014620        1.0707255873980999E-002  0.23947436270318501     
 -0.24914501951486059        9.3161037463004703E-003  0.25903741416115100     
 -0.23159701599013660        1.0707250925488300E-002  0.26052599012861000     
 -0.24589922120054458        9.0730222238753905E-003  0.27676158349868302     
 -0.22895976927216488        1.0387313728020700E-002  0.28111838408233902     
 -0.23960997105263421        8.5816398657814798E-003  0.29345474221159301     
 -0.22379488802978739        9.7546930694088207E-003  0.30035501474721499     
 -0.23069166190042178        7.8303105039224004E-003  0.30850942148363703     
 -0.21636119946407750        8.8353979291828297E-003  0.31746291019741901     
 -0.21967638432219788        6.7879343817461900E-003  0.32137028188348299     
 -0.20697140845578488        7.6257254067115402E-003  0.33179061144461403     
 -0.21843368723971360        2.0238206830318801E-002  0.17999010183535599     
 -0.20588798043180551        2.2664506358546499E-002  0.17027758039338400     
 -0.22862001386401640        2.2945523809362298E-002  0.19268841037227599     
 -0.21462631323486470        2.5944604239113399E-002  0.18428419696570800     
 -0.23698939099733890        2.4873776658408901E-002  0.20746431664574699     
 -0.22162766695527580        2.8449120809498098E-002  0.20095602196475701     
 -0.24287711252432670        2.6112761878169001E-002  0.22382139938103601     
 -0.22647385691249369        3.0151577490950300E-002  0.21969897662637899     
 -0.24593873158790391        2.6722674306081901E-002  0.24116173705392799     
 -0.22896414965858808        3.1010055955143102E-002  0.23975115508029199     
 -0.24593871203493151        2.6722667505924200E-002  0.25883856405935002     
 -0.22896413489065209        3.1010048164186999E-002  0.26024920206518598     
 -0.24287704771828500        2.6112740541206800E-002  0.27617887443059702     
 -0.22647380321348770        3.0151547324138800E-002  0.28030134593432399     
 -0.23698928124355370        2.4873743521373601E-002  0.29253594120820697     
 -0.22162757636866781        2.8449078068120200E-002  0.29904427662768301     
 -0.22861997938360068        2.2945511857391299E-002  0.30731164231790598     
 -0.21462628783145260        2.5944588725849201E-002  0.31571587060923800     
 -0.21843370191701178        2.0238209789629698E-002  0.32000989020585402     
 -0.20588799521957310        2.2664508462419401E-002  0.32972241878770298     
 -0.21591777699787990        3.3317080281838697E-002  0.18261993567889701     
 -0.20365437590607688        3.7023870608207901E-002  0.17423033552782699     
 -0.22465850078484340        3.7396063164524700E-002  0.19502030264069400     
 -0.21126201071234249        4.2081074337647399E-002  0.18764455878832700     
 -0.23190154610482738        4.0333286874072401E-002  0.20929190213665000     
 -0.21737785355594741        4.6004011558972900E-002  0.20351721447811200     
 -0.23705198247352899        4.2240948878808603E-002  0.22498124673561401     
 -0.22164448386744010        4.8697925177074101E-002  0.22129829511201701     
 -0.23975153044650710        4.3186364316169200E-002  0.24155849374751401     
 -0.22384967796543290        5.0063955186267300E-002  0.24029424468455701     
 -0.23975151276702689        4.3186355823435899E-002  0.25844179555659902     
 -0.22384966432802120        5.0063944611545202E-002  0.25970607806805701     
 -0.23705192118805191        4.2240921393013997E-002  0.27501901615617602     
 -0.22164443094487840        4.8697882504159497E-002  0.27870199420219699     
 -0.23190144787261258        4.0333241778931501E-002  0.29070834802868500     
 -0.21737776832654288        4.6003950636431597E-002  0.29648305385528700     
 -0.22465847250026211        3.7396049225895900E-002  0.30497975134333599     
 -0.21126198568065080        4.2081055346671600E-002  0.31235549121560802     
 -0.21591778976272200        3.3317083479548600E-002  0.31738005896574201     
 -0.20365438404443620        3.7023873437872300E-002  0.32576964853589202     
 -0.21221731533808250        4.5781788277437001E-002  0.18652395593971099     
 -0.20030697246150331        5.0339263483061197E-002  0.17977119302425101     
 -0.21909827818700861        5.0748487510839102E-002  0.19857868850387200     
 -0.20645951014634428        5.6690335874787098E-002  0.19247548826703101     
 -0.22481645740101330        5.4426819877910898E-002  0.21211677209165700     
 -0.21138355648017190        6.1763315670623702E-002  0.20725149343752200     
 -0.22889371737761699        5.6859279566830200E-002  0.22679170005667501     
 -0.21481071566022919        6.5305158337776295E-002  0.22365408709671300     
 -0.23099339306998651        5.8064169466191799E-002  0.24218378400279700     
 -0.21654683914219300        6.7102990270813095E-002  0.24110124651085699     
 -0.23099337767040018        5.8064158660030903E-002  0.25781649217805902     
 -0.21654682754954710        6.7102976726048202E-002  0.25889906457590800     
 -0.22889366293705099        5.6859244315101802E-002  0.27320855085155499     
 -0.21481066943246649        6.5305102590136999E-002  0.27634619198594701     
 -0.22481637452156239        5.4426763277805497E-002  0.28788347087186100     
 -0.21138348580538399        6.1763238539874803E-002  0.29274876886649698     
 -0.21909825668542138        5.0748471941180200E-002  0.30142137109941203     
 -0.20645949284941589        5.6690316334191998E-002  0.30752457335722400     
 -0.21221732455079179        4.5781792779840701E-002  0.31347604587715500     
 -0.20030698088977589        5.0339271576319199E-002  0.32022880584429098     
 -0.20740208413589858        5.7402084135898597E-002  0.19163139397405499     
 -0.19578201011355478        6.2256606598937198E-002  0.18656050835353299     
 -0.21241400495396129        6.2680402717986305E-002  0.20340025105840101     
 -0.20047271005545170        6.9325340247759507E-002  0.19860522315069001     
 -0.21625208996728229        6.6722493518011294E-002  0.21606597604236299     
 -0.20392495055385870        7.5172742782030705E-002  0.21213509350488999     
 -0.21885780810927719        6.9466720767384998E-002  0.22937626842848000     
 -0.20620230964490030        7.9350130528344998E-002  0.22679930129785300     
 -0.22017487759715809        7.0853793341629903E-002  0.24308123275572599     
 -0.20732723454335750        8.1502808597155904E-002  0.24218557891770301     
 -0.22017486624501770        7.0853779636043099E-002  0.25691901164871900     
 -0.20732722665903108        8.1502791534651398E-002  0.25781470116572802     
 -0.21885778125881439        6.9466682483698999E-002  0.27062395594723199     
 -0.20620228644269689        7.9350066724791696E-002  0.27320095245593301     
 -0.21625203294589740        6.6722428770113903E-002  0.28393424868977302     
 -0.20392490236102409        7.5172653465308603E-002  0.28786515144649599     
 -0.21241398490356669        6.2680380518024506E-002  0.29659980300159500     
 -0.20047269697477380        6.9325315884335798E-002  0.30139483861554800     
 -0.20740208413589858        5.7402084135898597E-002  0.30836860602594501     
 -0.19578201541872070        6.2256614984530001E-002  0.31343949602153898     
 -0.18331688673111879       -6.5995859283061994E-002  0.18269384359993701     
 -0.18702555429148959       -5.3722247094315702E-002  0.17427894854925299     
 -0.18739354724366350       -7.4709669339742296E-002  0.19508533943938100     
 -0.19208042845060380       -6.1308938123949497E-002  0.18768993967094699     
 -0.19033191276611311       -8.1926370769251494E-002  0.20934304473163901     
 -0.19600451953809950       -6.7404302785915998E-002  0.20355433531243000     
 -0.19224254034553628       -8.7060507198337203E-002  0.22501338884621699     
 -0.19870141520586110       -7.1658275058488194E-002  0.22132203269295500     
 -0.19318972029116971       -8.9750723299371199E-002  0.24156948667520400     
 -0.20006922187882220       -7.3856226875357298E-002  0.24030243734484799     
 -0.19318971192665269       -8.9750706008170103E-002  0.25843080714796302     
 -0.20006921136609229       -7.3856213641635499E-002  0.25969788821350298     
 -0.19224251286152738       -8.7060445261255406E-002  0.27498687858175003     
 -0.19870137234655938       -7.1658221932075203E-002  0.27867825941271501     
 -0.19033186744232930       -8.1926269965817297E-002  0.29065720972238701     
 -0.19600445815478149       -6.7404215810114507E-002  0.29644593558575699     
 -0.18739353316779139       -7.4709637466377904E-002  0.30491471891020400     
 -0.19208040897797118       -6.1308910889958997E-002  0.31231011281379401     
 -0.18331688991035039       -6.5995867468704394E-002  0.31730615532604201     
 -0.18702555667519549       -5.3722252532470600E-002  0.32572103778763101     
 -0.18972169783664150       -3.9721696417374601E-002  0.16730524361774299     
 -0.19574638276865330       -4.5605948726868302E-002  0.18174544159191899     
 -0.20048392774289950       -5.0212773946701199E-002  0.19902095200230299     
 -0.20375101996333439       -5.3376419388625099E-002  0.21848524889971899     
 -0.20543908144479689       -5.5006253876916801E-002  0.23933479389329201     
 -0.20543906877802121       -5.5006245173631799E-002  0.26066557711001298     
 -0.20375097527855399       -5.3376383798587099E-002  0.28151508648244500     
 -0.20048386558477380       -5.0212712091143398E-002  0.30097935924590702     
 -0.19574636108110138       -4.5605930580028500E-002  0.31825462834919699     
 -0.18972170273317909       -3.9721704332400402E-002  0.33269475522007902     
 -0.19147018622406858       -2.4406141438778301E-002  0.16237755070709001     
 -0.19825458634901280       -2.8104088292197502E-002  0.17762562140678900     
 -0.20356567716310869       -3.0944579029592301E-002  0.19592024577103700     
 -0.20720829402826191       -3.2869039817151800E-002  0.21656317791566301     
 -0.20907952180848410       -3.3852698983143602E-002  0.23868422781412299     
 -0.20907950853335239       -3.3852692802703102E-002  0.26131615999046698     
 -0.20720824516935710       -3.2869015085612401E-002  0.28343717239051902     
 -0.20356560037976318       -3.0944531992731301E-002  0.30408007618974497     
 -0.19825455595467351       -2.8104067818684700E-002  0.32237444406882099     
 -0.19147019001644769       -2.4406139010596399E-002  0.33762244125910001     
 -0.19227852615438190       -8.2611261215872998E-003  0.15979100867387899     
 -0.19948654368726670       -9.4663275166024900E-003  0.17547505630862500     
 -0.20508551774234149       -1.0367307044471500E-002  0.19431832011291900     
 -0.20892251020802111       -1.0968149912498899E-002  0.21557163133980600     
 -0.21087933503980499       -1.1271257206202400E-002  0.23834934057764601     
 -0.21087931815401270       -1.1271254585373199E-002  0.26165105241103997     
 -0.20892246799485278       -1.0968140102216299E-002  0.28442872533521102     
 -0.20508544140847318       -1.0367283383029601E-002  0.30568200784369798     
 -0.19948652390264529       -9.4663130220016701E-003  0.32452501366561198     
 -0.19227852603763310       -8.2611158780515597E-003  0.34020897820394602     
 -0.19223690536271490        8.2154084079931102E-003  0.15976666211453200     
 -0.19942599054432650        9.5894726805848592E-003  0.17545074362403701     
 -0.20500456272278739        1.0655158494081499E-002  0.19429848105825201     
 -0.20883358374837718        1.1387593765415500E-002  0.21555799926943001     
 -0.21078572692277700        1.1764340909721199E-002  0.23834451831861300     
 -0.21078571060261109        1.1764334189144099E-002  0.26165586944577701     
 -0.20883354416001049        1.1387575665792000E-002  0.28444235214759001     
 -0.20500448915805200        1.0655137503257099E-002  0.30570184185174198     
 -0.19942597278371230        9.5894590517564895E-003  0.32454932103877598     
 -0.19223690696457890        8.2154022362668708E-003  0.34023331960823200     
 -0.19140405325531148        2.4394083131931199E-002  0.16234313255606700     
 -0.19811910991302789        2.8241303145975699E-002  0.17759237652276000     
 -0.20338355629726348        3.1225151485856601E-002  0.19589025196941601     
 -0.20697740255751879        3.3262332891364398E-002  0.21654312957118399     
 -0.20882017934271868        3.4309174484185800E-002  0.23867723182891701     
 -0.20882016839219988        3.4309164254137603E-002  0.26132315573762699     
 -0.20697736409005740        3.3262299619223702E-002  0.28345722100533299     
 -0.20338348820442631        3.1225106193157201E-002  0.30411007155441799     
 -0.19811908715043700        2.8241281012162198E-002  0.32240769070209602     
 -0.19140405952085621        2.4394079587886301E-002  0.33765686071203099     
 -0.18966910287629710        3.9721586355343098E-002  0.16728015273682600     
 -0.19556832883544070        4.5748607915221097E-002  0.18171833779438201     
 -0.20018976640968339        5.0484984579884297E-002  0.19899686799591401     
 -0.20336242787585199        5.3749075514517498E-002  0.21846932483648601     
 -0.20499741495616758        5.5435346875394503E-002  0.23932920439592700     
 -0.20499740575928299        5.5435334155284600E-002  0.26067116520665001     
 -0.20336239181841731        5.3749031031706002E-002  0.28153100919018398     
 -0.20018970510321690        5.0484922826867402E-002  0.30100344210298402     
 -0.19556831098292560        4.5748586650653102E-002  0.31828173123715398     
 -0.18966911094203931        3.9721591607067300E-002  0.33271984552072498     
 -0.18699883443881971        5.3721143423645999E-002  0.17426517065913599     
 -0.19184758882461289        6.1445440131704603E-002  0.18767247366882900     
 -0.19561197993452270        6.7665449381718895E-002  0.20353345847111501     
 -0.19817952391964999        7.2013271363999598E-002  0.22130650073486899     
 -0.19947657723742479        7.4263500114579398E-002  0.24029666099559899     
 -0.19947656902473379        7.4263483570965405E-002  0.25970367730387300     
 -0.19817949221005390        7.2013211405155805E-002  0.27869380376555603     
 -0.19561192902048960        6.7665366752436701E-002  0.29646682607895097     
 -0.19184757468045419        6.1445414164701700E-002  0.31232759154969603     
 -0.18699884009939188        5.3721151244719399E-002  0.32573482833119799     
 -0.18331688650138020        6.5995859916814004E-002  0.18269384513581999     
 -0.18711096936214300        7.4841113997993106E-002  0.19507783487567501     
 -0.18981352483585018        8.2170866465958295E-002  0.20932778056459100     
 -0.19155366046150360        8.7390681745095303E-002  0.22499846209675001     
 -0.19241125882558049        9.0128248145614001E-002  0.24156330899374101     
 -0.19241125331368200        9.0128227303554298E-002  0.25843698815036897     
 -0.19155364548713749        8.7390611717227798E-002  0.27500180743964397     
 -0.18981349044880558        8.2170767819983906E-002  0.29067247700041798     
 -0.18711095832046440        7.4841080022594597E-002  0.30492222534780100     
 -0.18331689000476459        6.5995866481910401E-002  0.31730615574069099     
 -0.17023708104344448       -6.8530536424293603E-002  0.18008712275587899     
 -0.17267116291376461       -5.5973201841693403E-002  0.17033999394635699     
 -0.17293673925482350       -7.8684095222553596E-002  0.19277314028900100     
 -0.17594360501539699       -6.4686050332880801E-002  0.18434201376295700     
 -0.17485944643713089       -8.7026068946682203E-002  0.20753000243068301     
 -0.17844259486343408       -7.1666097374990897E-002  0.20100248725827899     
 -0.17609468803170308       -9.2893031090735600E-002  0.22386310599667500     
 -0.18014132824213258       -7.6496150580290301E-002  0.21972915228709999     
 -0.17670287965028939       -9.5944875965899595E-002  0.24117598471751400     
 -0.18099809740172590       -7.8978846989622098E-002  0.23976155840354099     
 -0.17670287321500069       -9.5944855816478394E-002  0.25882432162278102     
 -0.18099808972814041       -7.8978831878664904E-002  0.26023880093043900     
 -0.17609466779834720       -9.2892965414852799E-002  0.27613717322193898     
 -0.18014129846862290       -7.6496096459215998E-002  0.28027117258303103     
 -0.17485941459695128       -8.7025956221749898E-002  0.29247026080343402     
 -0.17844255227790920       -7.1666005052127696E-002  0.29899781349175603     
 -0.17293672830262069       -7.8684056208046596E-002  0.30722691799429303     
 -0.17594358903985940       -6.4686022125554202E-002  0.31565805594174401     
 -0.17023708425287770       -6.8530546014836297E-002  0.31991287514650502     
 -0.17267116357591789       -5.5973213624893103E-002  0.32966000740945200     
 -0.17440614315210939       -4.1470181722184203E-002  0.16237754825538001     
 -0.17824571054205618       -4.8167037833694200E-002  0.17762842109878599     
 -0.18122405315060208       -5.3416274458097199E-002  0.19592116906731000     
 -0.18325753393281310       -5.6998606787644200E-002  0.21656397796813701     
 -0.18430267886122650       -5.8835965246080701E-002  0.23868452590883499     
 -0.18430266859582220       -5.8835954337411303E-002  0.26131586241503302     
 -0.18325750062789439       -5.6998568740204397E-002  0.28343637342927702     
 -0.18122400734658639       -5.3416206521092101E-002  0.30407915499936400     
 -0.17824568714743511       -4.8167014917448202E-002  0.32237164641927002     
 -0.17440613732758470       -4.1470188248313299E-002  0.33762244513433698     
 -0.17552373429745149       -2.5523729474379600E-002  0.15675889618131000     
 -0.17980831542016909       -2.9720053780496501E-002  0.17297119029376601     
 -0.18311558593665409       -3.2961190783118398E-002  0.19243660235924301     
 -0.18536463437678591       -3.5146610703666897E-002  0.21441159442502900     
 -0.18651415578087330       -3.6260307469878399E-002  0.23795719529097800     
 -0.18651414549971368       -3.6260299573177598E-002  0.26204322855067802     
 -0.18536459813644929       -3.5146584797315500E-002  0.28558879043650198     
 -0.18311552936945968       -3.2961141866579800E-002  0.30756375108518202     
 -0.17980828592898440       -2.9720031011430500E-002  0.32702888943887998     
 -0.17552372799297128       -2.5523725636374700E-002  0.34324110633215099     
 -0.17603680667140570       -8.6565648109352099E-003  0.15384088092104201     
 -0.18056403815891320       -1.0045968161444501E-002  0.17056205258047899     
 -0.18403574005583950       -1.1104702593982999E-002  0.19065056491091201     
 -0.18639099701457099       -1.1808244575789099E-002  0.21330943495276200     
 -0.18758587102750160       -1.2163573073389300E-002  0.23758541820867399     
 -0.18758585919845500       -1.2163569092330500E-002  0.26241503318536702     
 -0.18639096582387990       -1.1808234315660001E-002  0.28669097839600099     
 -0.18403568412454768       -1.1104680169451301E-002  0.30934981640668702     
 -0.18056401526713270       -1.0045952486191201E-002  0.32943805261976900     
 -0.17603679717774520       -8.6565514370178908E-003  0.34615913749516902     
 -0.17601010712143308        8.5926306944840193E-003  0.15382927666162100     
 -0.18051324370234009        1.0096948653928701E-002  0.17054640831550799     
 -0.18395983207536859        1.1248068935287099E-002  0.19063681254054399     
 -0.18630350828263009        1.2036634056972200E-002  0.21329951180277401     
 -0.18749198788970620        1.2439290924786101E-002  0.23758185559671899     
 -0.18749197645650370        1.2439284843767299E-002  0.26241859528900002     
 -0.18630347934071129        1.2036614629135800E-002  0.28670090084190603     
 -0.18395977794869678        1.1248041737470200E-002  0.30936356795241898     
 -0.18051322158748628        1.0096932211964000E-002  0.32945369595985002     
 -0.17601009777454990        8.5926252714541001E-003  0.34617074121445301     
 -0.17548177220978800        2.5508218258417800E-002  0.15674413556379099     
 -0.17968901349791780        2.9800446510255998E-002  0.17295042901234001     
 -0.18293926347573680        3.3113199388596103E-002  0.19241659843399600     
 -0.18513157461526558        3.5365923756437302E-002  0.21439729210379099     
 -0.18624851172956319        3.6517127748442402E-002  0.23795208308835000     
 -0.18624850336250479        3.6517117593526702E-002  0.26204834050811998     
 -0.18513154731587270        3.5365887789446798E-002  0.28560309250420302     
 -0.18293921229306770        3.3113143690666001E-002  0.30758375516266701     
 -0.17968898792676780        2.9800418645532799E-002  0.32704965132001801     
 -0.17548176445329158        2.5508214516633900E-002  0.34325586792924301     
 -0.17437285928973659        4.1472628975770899E-002  0.16236907312454901     
 -0.17807980981996130        4.8259370025311499E-002  0.17761142102283300     
 -0.18092904719886860        5.3569275279800002E-002  0.19590536015432400     
 -0.18285888206679929        5.7208869249532300E-002  0.21655276409245400     
 -0.18384560415586720        5.9078291772054502E-002  0.23868047334638801     
 -0.18384559733849909        5.9078278414694298E-002  0.26131991333042698     
 -0.18285885603636379        5.7208820495526801E-002  0.28344758516037599     
 -0.18092899924669850        5.3569198658102203E-002  0.30409496094003702     
 -0.17807978735889290        4.8259339732402699E-002  0.32238864396199401     
 -0.17437285398206040        4.1472632694589298E-002  0.33763091879499102     
 -0.17265415760998290        5.5973907491921597E-002  0.17033537018288300     
 -0.17571593390647020        6.4773347172582693E-002  0.18432867527492200     
 -0.17804236807900739        7.1810992877327201E-002  0.20098847967415601     
 -0.17960177236555738        7.6694628860042802E-002  0.21971823336373400     
 -0.18038196355186950        7.9207076325501502E-002  0.23975744317119599     
 -0.18038195778096089        7.9207058982192602E-002  0.26024291878800798     
 -0.17960175141099330        7.6694564448243394E-002  0.28028209313101399     
 -0.17804233112142609        7.1810893012553195E-002  0.29901182203542098     
 -0.17571591843818568        6.4773312259811006E-002  0.31567139504810698     
 -0.17265415695002420        5.5973916954692400E-002  0.32966463267901502     
 -0.17023708066414558        6.8530539992954595E-002  0.18008712797686000     
 -0.17265202304849209        7.8766249868429700E-002  0.19276359902292101     
 -0.17432608233096469        8.7159476776197703E-002  0.20751918403361699     
 -0.17538080017084090        9.3076062922309605E-002  0.22385271297411499     
 -0.17589354445453900        9.6155251325840796E-002  0.24117174575101899     
 -0.17589354118265810        9.6155229279169099E-002  0.25882857116552099     
 -0.17538079178507129        9.3075987702233701E-002  0.27614757506370602     
 -0.17432605912442958        8.7159357789104996E-002  0.29248108679483398     
 -0.17265201466013530        7.8766205790468696E-002  0.30723646622664003     
 -0.17023708570709881        6.8530549683211400E-002  0.31991287805183799     
 -0.15678768828486367       -6.9737694390315699E-002  0.17868752320116099     
 -0.15764826909254678       -5.7025219135607798E-002  0.16824809633376700     
 -0.15780427202139999       -8.0730952296273806E-002  0.19154283174826400     
 -0.15883215310591289       -6.6397911909831603E-002  0.18257446813345901     
 -0.15853027028614666       -8.9635692439839099E-002  0.20658596012594599     
 -0.15972611462642247       -7.3821303390281104E-002  0.19967512188834599     
 -0.15900197360898335       -9.5914096254097803E-002  0.22326442115408299     
 -0.16033906359046790       -7.8977844511774101E-002  0.21890130853153100     
 -0.15923449394950490       -9.9155319239387904E-002  0.24097165831256701     
 -0.16064844106823900       -8.1611580853137300E-002  0.23948102540403299     
 -0.15923449017461400       -9.9155288445704204E-002  0.25902861891919099     
 -0.16064843678110829       -8.1611557590943004E-002  0.26051931969265102     
 -0.15900196266383165       -9.5914034372044404E-002  0.27673582984514500     
 -0.16033904854708009       -7.8977794219368500E-002  0.28109900303441399     
 -0.15853025602024862       -8.9635575962818403E-002  0.29341427381449697     
 -0.15972609442980082       -7.3821210423328606E-002  0.30032516476638199     
 -0.15780426736824027       -8.0730929688661801E-002  0.30845719912563102     
 -0.15883214294310075       -6.6397899949496506E-002  0.31742558736922699     
 -0.15678768778960644       -6.9737703046855101E-002  0.32131244048429097     
 -0.15764826314525859       -5.7025235397313100E-002  0.33175188305228298     
 -0.15826112770466622       -4.2278518724381202E-002  0.15979100182213701     
 -0.15960939866724699       -4.9455405101431198E-002  0.17547684002429201     
 -0.16064973660428108       -5.5026886097044501E-002  0.19432033452558900     
 -0.16136251531192880       -5.8850105498660897E-002  0.21557257844354899     
 -0.16172871944997330       -6.0799830901525402E-002  0.23834958348058399     
 -0.16172871294257629       -6.0799814028604002E-002  0.26165079927800799     
 -0.16136249761752638       -5.8850070117011197E-002  0.28442776831896199     
 -0.16064971521184979       -5.5026818330415297E-002  0.30567998404251900     
 -0.15960938197378080       -4.9455395329792699E-002  0.32452322065434003     
 -0.15826111405691104       -4.2278531495087597E-002  0.34020897627537600     
 -0.15865656948183424       -2.6036798294219302E-002  0.15384087890863701     
 -0.16013509912356738       -3.0532661156589602E-002  0.17056256425924199     
 -0.16126087104877229       -3.3975443694354297E-002  0.19065159005866500     
 -0.16202979111298660       -3.6315813066779098E-002  0.21330984413869600     
 -0.16242191095359729       -3.7502936013974197E-002  0.23758550503976900     
 -0.16242190476327201       -3.7502924333564301E-002  0.26241494130281900     
 -0.16202977110089220       -3.6315788937748998E-002  0.28669056423477701     
 -0.16126084187605760       -3.3975396580578299E-002  0.30934878639511199     
 -0.16013507755262540       -3.0532648934173401E-002  0.32943753614561699     
 -0.15865655414210958       -2.6036802766828501E-002  0.34615913514514501     
 -0.15883667234527979       -8.8366639023559693E-003  0.15080316208451000     
 -0.16037683174013379       -1.0345164883675199E-002  0.16806032069799101     
 -0.16154470717978400       -1.1483819674469200E-002  0.18879904275532100     
 -0.16233219916192898       -1.2255840921627500E-002  0.21216777041892301     
 -0.16272975588956429       -1.2645324385229900E-002  0.23720040933524000     
 -0.16272974948011779       -1.2645318100077700E-002  0.26280002290133198     
 -0.16233218055967891       -1.2255829289196800E-002  0.28783262475282601     
 -0.16154467557903970       -1.1483796760691500E-002  0.31120131990433803     
 -0.16037680804743590       -1.0345151823249400E-002  0.33193976316334700     
 -0.15883664843193859       -8.8366540948878192E-003  0.34919682574230099     
 -0.15882741344313295        8.7634356477496803E-003  0.15079667488166501     
 -0.16033826298791889        1.0329375674786499E-002  0.16804817647494699     
 -0.16147743822579910        1.1522597495441900E-002  0.18878710611898900     
 -0.16225027146975771        1.2329721510415099E-002  0.21215914351598400     
 -0.16264005043421079        1.2737808398297501E-002  0.23719732786498199     
 -0.16264004404105178        1.2737802263784299E-002  0.26280310661488299     
 -0.16225025426927259        1.2329704011459299E-002  0.28784125370455599     
 -0.16147740683601469        1.1522568658794200E-002  0.31121325843942699     
 -0.16033823778393860        1.0329358077701500E-002  0.33195190928358498     
 -0.15882738671853605        8.7634226802717902E-003  0.34920331509729602     
 -0.15864198881251657        2.6019729128431000E-002  0.15383550334178700     
 -0.16003502551717158        3.0554598715168600E-002  0.17054858493510899     
 -0.16109677611152190        3.4031756395011901E-002  0.19063576686814901     
 -0.16180258656196020        3.6390662655237500E-002  0.21329825377727499     
 -0.16215897739424778        3.7587204110036701E-002  0.23758134530930300     
 -0.16215897247919639        3.7587192426898501E-002  0.26241910355414400     
 -0.16180257383039420        3.6390631764977199E-002  0.28670215708514701     
 -0.16109674913493779        3.4031701335099300E-002  0.30936461249846903     
 -0.16003500383821778        3.0554577317373800E-002  0.32945151892995800     
 -0.15864196754607168        2.6019721839007300E-002  0.34616451431719703     
 -0.15824948540928388        4.2282456407339603E-002  0.15979171540235201     
 -0.15945772046260268        4.9492815034957102E-002  0.17546798114883300     
 -0.16036158091026190        5.5090582542774803E-002  0.19430850546335601     
 -0.16096415589589058        5.8924528294173301E-002  0.21556425110686700     
 -0.16126823642437138        6.0879531550986903E-002  0.23834659525677199     
 -0.16126823300153559        6.0879514567070699E-002  0.26165379587367799     
 -0.16096414388996230        5.8924486128055703E-002  0.28443610381163498     
 -0.16036155476036529        5.5090506192428501E-002  0.30569182090578001     
 -0.15945770154631617        4.9492795121728501E-002  0.32453208772812697     
 -0.15824946906029169        4.2282455905679299E-002  0.34020827092978101     
 -0.15764227830309949        5.7026970016821901E-002  0.16824883130620599     
 -0.15861058526345939        6.6431714765770297E-002  0.18256764530078901     
 -0.15932701165151913        7.3880163033829299E-002  0.19966563904641599     
 -0.15979437482508685        7.9046670758567500E-002  0.21889465155122101     
 -0.16002365685447931        8.1685220286777993E-002  0.23947864484999801     
 -0.16002365398708299        8.1685197135648105E-002  0.26052171069772800     
 -0.15979436712155085        7.9046613941803401E-002  0.28110566996680902     
 -0.15932699475166034        7.3880062006054500E-002  0.30033465708127999     
 -0.15861057317867716        6.6431693095373306E-002  0.31743241959190599     
 -0.15764226917692450        5.7026973400231697E-002  0.33175115686753598     
 -0.15678768799233958        6.9737701258950499E-002  0.17868753056389100     
 -0.15751694754975332        8.0760292777817003E-002  0.19153811558039999     
 -0.15799158604894395        8.9688992429148198E-002  0.20657927752302199     
 -0.15827751697254522        9.5977615913441297E-002  0.22325972794134999     
 -0.15841168993147761        9.9223763168813400E-002  0.24096998320435301     
 -0.15841168889369855        9.9223732606117804E-002  0.25903030913191999     
 -0.15827751642676113        9.5977547884658898E-002  0.27674053734822901     
 -0.15799157820567600        8.9688868683556799E-002  0.29342096996507600     
 -0.15751694367613084        8.0760261574291600E-002  0.30846192842649600     
 -0.15678768872216353        6.9737698759624406E-002  0.32131244534234998     
 -0.14321206535494177       -6.9676371007436094E-002  0.17862967853492401     
 -0.14237427385361690       -5.6971389267934901E-002  0.16820936577308701     
 -0.14245710723055630       -8.0721239109873194E-002  0.19148618564221101     
 -0.14138140975847580       -6.6391643979261505E-002  0.18253438435878599     
 -0.14195716656193871       -8.9665844533201006E-002  0.20653879693426799     
 -0.14064140860872953       -7.3854220217709501E-002  0.19964088793618201     
 -0.14165169398247476       -9.5966129444847698E-002  0.22323397552014099     
 -0.14015550323520609       -7.9032247184717505E-002  0.21887924664928801     
 -0.14150703871510625       -9.9217286261013393E-002  0.24096118465178701     
 -0.13991629947646569       -8.1676110910606101E-002  0.23947347368079400     
 -0.14150704043962981       -9.9217256915424698E-002  0.25903908026793199     
 -0.13991630289403251       -8.1676088808145100E-002  0.26052686156625599     
 -0.14165169620003315       -9.5966068759022694E-002  0.27676626252584502     
 -0.14015551127497516       -7.9032197697067305E-002  0.28112105465144899     
 -0.14195717664523125       -8.9665733244301896E-002  0.29346142358406402     
 -0.14064142494178283       -7.3854131651936203E-002  0.30035938816740898     
 -0.14245711270633954       -8.0721226636677496E-002  0.30851383200795601     
 -0.14138141926645881       -6.6391640915122702E-002  0.31746566076000499     
 -0.14321206464414848       -6.9676394910695799E-002  0.32137027270916402     
 -0.14237427727854379       -5.6971418957862702E-002  0.33179060389106901     
 -0.14178459284238040       -4.2236893180238197E-002  0.15976665933910800     
 -0.14055365444452578       -4.9457337313073398E-002  0.17544911814823000     
 -0.13962734922882000       -5.5065646787058602E-002  0.19429645529507900     
 -0.13900692391656411       -5.8909311468906801E-002  0.21555704803434200     
 -0.13869331244725208       -6.0869024027691399E-002  0.23834426846447301     
 -0.13869331519446559       -6.0869008120370001E-002  0.26165610887894197     
 -0.13900693376162199       -5.8909276503755797E-002  0.28444329302469001     
 -0.13962737225026980       -5.5065582342635103E-002  0.30570385714748599     
 -0.14055366623240595       -4.9457335059114198E-002  0.32455093671637403     
 -0.14178459713777045       -4.2236917516945201E-002  0.34023331356064301     
 -0.14140737372507650       -2.6010095223082098E-002  0.15382927281809600     
 -0.13999221586702670       -3.0544828362322200E-002  0.17054599162922701     
 -0.13890814641738219       -3.4022580513477702E-002  0.19063578072379800     
 -0.13818500387564620       -3.6382015070315597E-002  0.21329910038536501     
 -0.13781916167510430       -3.7578715852109403E-002  0.23758176494538399     
 -0.13781916552065310       -3.7578704824779499E-002  0.26241867940454799     
 -0.13818501340687178       -3.6381990907858597E-002  0.28670130587571402     
 -0.13890816685335519       -3.4022535900827003E-002  0.30936459352283602     
 -0.13999222680917159       -3.0544821999312400E-002  0.32945410678864201     
 -0.14140737833189557       -2.6010108691380301E-002  0.34617073966181799     
 -0.14123657262985367       -8.8274013705868098E-003  0.15079667105327199     
 -0.13970230229460329       -1.0370137309879200E-002  0.16804820654570801     
 -0.13853830557740499       -1.1540777663793300E-002  0.18878710258617301     
 -0.13774666713809688       -1.2329952464911399E-002  0.21215914173134201     
 -0.13734666129722500       -1.2728274851384400E-002  0.23719732582348299     
 -0.13734666730699840       -1.2728268925224800E-002  0.26280310353234998     
 -0.13774667764388490       -1.2329940246083301E-002  0.28784125044128200     
 -0.13853832576397648       -1.1540756102501000E-002  0.31121325700724201     
 -0.13970230944939299       -1.0370128152320900E-002  0.33195187440024199     
 -0.14123657194925332       -8.8273976526139497E-003  0.34920331441120700     
 -0.14124563639094359        8.7543758560397703E-003  0.15078994887691799     
 -0.13967711973597199        1.0290994835139899E-002  0.16803587946297399     
 -0.13848113294878470        1.1455512048837701E-002  0.18877503520451300     
 -0.13767232607736668        1.2247962519169200E-002  0.21215043619668100     
 -0.13726347352049900        1.2648263868058399E-002  0.23719421783514399     
 -0.13726347918184420        1.2648257737474000E-002  0.26280621284138500     
 -0.13767233722326300        1.2247946406908300E-002  0.28784995710207700     
 -0.13848115179657938        1.1455483322231000E-002  0.31122532536504499     
 -0.13967712286874950        1.0290975447156901E-002  0.33196420245688102     
 -0.14124562925411510        8.7543595042612402E-003  0.34921003781618998     
 -0.14142160672249143        2.5993045183068001E-002  0.15382392924554200     
 -0.13991363845309590        3.0503806272597900E-002  0.17053295985234601     
 -0.13875943749204020        3.3955820766730802E-002  0.19062202437105899     
 -0.13796851807702490        3.6303117451715897E-002  0.21328833414820400     
 -0.13756474552802861        3.7493248349198399E-002  0.23757778276920899     
 -0.13756475021480741        3.7493237074275099E-002  0.26242266323183400     
 -0.13796853396519509        3.6303088815226800E-002  0.28671207370626800     
 -0.13875945786882068        3.3955767476825702E-002  0.30937835199833602     
 -0.13991364571344919        3.0503785467721398E-002  0.32946714105670000     
 -0.14142160030942696        2.5993037615855901E-002  0.34617608603100303     
 -0.14179590226339497        4.2240784957656999E-002  0.15976737859849899     
 -0.14041890157493642        4.9432206002711698E-002  0.17544365792874900     
 -0.13935023090507678        5.5009547011084903E-002  0.19428864043539101     
 -0.13861588575684558        5.8835494926424502E-002  0.21555059444002900     
 -0.13823802212941130        6.0785799056224901E-002  0.23834176272218199     
 -0.13823802785699940        6.0785782662573999E-002  0.26165862237448501     
 -0.13861590068636259        5.8835455448616999E-002  0.28444975443594500     
 -0.13935024770477861        5.5009473454105798E-002  0.30571168008635502     
 -0.14041890816660704        4.9432188166621899E-002  0.32455640492422400     
 -0.14179589887053565        4.2240786227514399E-002  0.34023260196437599     
 -0.14238007391045429        5.6973110927599900E-002  0.16821009618499300     
 -0.14116867144735973        6.6364799988097606E-002  0.18253326696901401     
 -0.14024823391822883        7.3797021176652697E-002  0.19964014367277200     
 -0.13961446461607291        7.8959492847114204E-002  0.21887793581059201     
 -0.13929384921807880        8.1595332828414496E-002  0.23947285168787499     
 -0.13929385409013101        8.1595310559666595E-002  0.26052750028099098     
 -0.13961448035546559        7.8959439228161094E-002  0.28112238221361702     
 -0.14024825359335855        7.3796923862879199E-002  0.30036014906198899     
 -0.14116867794315929        6.6364782179942405E-002  0.31746679435288899     
 -0.14238007121542468        5.6973118682728502E-002  0.33178988852861202     
 -0.14321206504885983        6.9676381732149198E-002  0.17862968776617899     
 -0.14216968170309552        8.0691688844838697E-002  0.19149061634280301     
 -0.14141834164068789        8.9610091008740303E-002  0.20654549944018599     
 -0.14092696355728346        9.5899286143307796E-002  0.22323867568427100     
 -0.14068389132412829        9.9145049166797797E-002  0.24096287176640099     
 -0.14068389625369954        9.9145019514860599E-002  0.25903741416115100     
 -0.14092697777612462        9.5899221200544602E-002  0.27676158349868302     
 -0.14141836013421852        8.9609971052634199E-002  0.29345474221159301     
 -0.14216968949607758        8.0691661900421804E-002  0.30850942148363703     
 -0.14321206561825381        6.9676384322197901E-002  0.32137028188348299     
 -0.12976179349514799       -6.8433677940083995E-002  0.17999009421622400     
 -0.12733549483487969       -5.5887970867869501E-002  0.17027757322523701     
 -0.12733931537897181       -7.8702171898234294E-002  0.19267882050571300     
 -0.12427020179173820       -6.4711101327516202E-002  0.18427877493710401     
 -0.12565997772420751       -8.7122865904487798E-002  0.20745342906391701     
 -0.12194305903402619       -7.1771586134694101E-002  0.20095002035520401     
 -0.12460177582694219       -9.3060296457853894E-002  0.22381094341078800     
 -0.12038332856289199       -7.6673783438776996E-002  0.21969374643083200     
 -0.12408745591676699       -9.6149311751350303E-002  0.24115746755941000     
 -0.11960337490113400       -7.9195236064784000E-002  0.23974910312439099     
 -0.12408745901460939       -9.6149292189053007E-002  0.25884282407271902     
 -0.11960338079470420       -7.9195220957778104E-002  0.26025124101490299     
 -0.12460178398854510       -9.3060226797794299E-002  0.27618931961450699     
 -0.12038334910204039       -7.6673724385914799E-002  0.28030656245636199     
 -0.12566000040118638       -8.7122759060075106E-002  0.29254681796037502     
 -0.12194309461886879       -7.1771497834445294E-002  0.29905026484283997     
 -0.12733932343011939       -7.8702144457490103E-002  0.30732122199904099     
 -0.12427021568101219       -6.4711082290347000E-002  0.31572127966720698     
 -0.12976178867524360       -6.8433708482922198E-002  0.32000989049880901     
 -0.12733549384405718       -5.5888000585885902E-002  0.32972241507732802     
 -0.12560591794356318       -4.1404043316591303E-002  0.16234312761140801     
 -0.12190038698190239       -4.8206660631339299E-002  0.17758954962759499     
 -0.11905453917187289       -5.3533025371452499E-002  0.19588929009570699     
 -0.11712652212717659       -5.7187241669550498E-002  0.21654229442100500     
 -0.11614124711640150       -5.9063940884612601E-002  0.23867691661355001     
 -0.11614125312541820       -5.9063929749395797E-002  0.26132345891473502     
 -0.11712654657826069       -5.7187197962318401E-002  0.28345804379633099     
 -0.11905458549936659       -5.3532959072998501E-002  0.30411102071069002     
 -0.12190040659510890       -4.8206644550673097E-002  0.32241050565010199     
 -0.12560591954612890       -4.1404065258792103E-002  0.33765685527244299     
 -0.12449178618977930       -2.5481761916538899E-002  0.15674413197861101     
 -0.12028785588116950       -2.9777276795779600E-002  0.17295041347321699     
 -0.11704132572901840       -3.3093724646141298E-002  0.19241657595197900     
 -0.11485231651756250       -3.5349749983833403E-002  0.21439727160943900     
 -0.11373698567232089       -3.6502564996449403E-002  0.23795207327613099     
 -0.11373699337825839       -3.6502556545300803E-002  0.26204834422423101     
 -0.11485234205332549       -3.5349718277971502E-002  0.28560310705307101     
 -0.11704137374306889       -3.3093677046583801E-002  0.30758377209305399     
 -0.12028787738392449       -2.9777259492776299E-002  0.32704966173160999     
 -0.12449178849209840       -2.5481771171421901E-002  0.34325586695328097     
 -0.12398027918328410       -8.6419781648312405E-003  0.15383550073413299     
 -0.11947679192589110       -1.0124157994770200E-002  0.17054909197484699     
 -0.11602858333784889       -1.1253010500612601E-002  0.19063678500342701     
 -0.11368459353806870       -1.2024284786784901E-002  0.21329865653461400     
 -0.11249581931394509       -1.2417520283754001E-002  0.23758142919888600     
 -0.11249583082238659       -1.2417515504344600E-002  0.26241901316837002     
 -0.11368461732059260       -1.2024268364390800E-002  0.28670174795798797     
 -0.11602862954640179       -1.1252988232313400E-002  0.30936358823612398     
 -0.11947680274249339       -1.0124145722166900E-002  0.32945100597295501     
 -0.12398027280778699       -8.6419748112760604E-003  0.34616451162934703     
 -0.12400696689164249        8.5784041241161197E-003  0.15382392691062499     
 -0.11946459552582039        9.9971954643001803E-003  0.17053254861791900     
 -0.11598138750656099        1.1084281181413099E-002  0.19062100027551901     
 -0.11361830358353359        1.1809692269212600E-002  0.21328792976574501     
 -0.11241993533254829        1.2176596835690201E-002  0.23757769556315400     
 -0.11241994621442830        1.2176592046300500E-002  0.26242274625171103     
 -0.11361832744694250        1.1809680236999799E-002  0.28671247400452698     
 -0.11598143125013100        1.1084256144144700E-002  0.30937937201566301     
 -0.11946460039805440        9.9971784495109291E-003  0.32946754846039100     
 -0.12400695122322580        8.5783915361191693E-003  0.34617608480771800     
 -0.12453368780992509        2.5466322841301701E-002  0.15672904859592601     
 -0.12023052564194429        2.9681170294097101E-002  0.17292940094910600     
 -0.11690859530043099        3.2936813552464701E-002  0.19239639230727201     
 -0.11464889394393279        3.5132714075765098E-002  0.21438286109092999     
 -0.11349439631594899        3.6251285298968601E-002  0.23794692439846901     
 -0.11349440467022019        3.6251277096571402E-002  0.26205349102877101     
 -0.11464892546455549        3.5132687068645203E-002  0.28561751549002401     
 -0.11690864217755549        3.2936763141769597E-002  0.30760395406203800     
 -0.12023054152404659        2.9681145806534599E-002  0.32707067302654802     
 -0.12453367625663669        2.5466316385552201E-002  0.34327094948633402     
 -0.12563918997811060        4.1406390820306900E-002  0.16233460941143801     
 -0.12178306350917520        4.8123772442746300E-002  0.17757808610216599     
 -0.11879036457141470        5.3386959248526697E-002  0.19587524639491399     
 -0.11674763133966250        5.6977703302893597E-002  0.21653261638572699     
 -0.11569758358361990        5.8818622356352199E-002  0.23867343740816099     
 -0.11569759265860970        5.8818611363367197E-002  0.26132694478691099     
 -0.11674766055397329        5.6977665028414400E-002  0.28346772896858802     
 -0.11879040411488849        5.3386891219299099E-002  0.30412507204495398     
 -0.12178307619275010        4.8123749701923603E-002  0.32242197667877098     
 -0.12563918075865960        4.1406396863622998E-002  0.33766538015189101     
 -0.12735249007613819        5.5888615299554502E-002  0.17027290979435100     
 -0.12406778767466140        6.4628849413438605E-002  0.18427607203784799     
 -0.12155927039177759        7.1628615608893206E-002  0.20094786686556201     
 -0.11985348542234750        7.6472425297592003E-002  0.21969315745095100     
 -0.11899305496916569        7.8961332612831503E-002  0.23974903525160399     
 -0.11899306250085250        7.8961317949968801E-002  0.26025131969411902     
 -0.11985351406632909        7.6472371831907901E-002  0.28030716292459901     
 -0.12155931004273070        7.1628525203727103E-002  0.29905242957784500     
 -0.12406779837975829        6.4628824148425301E-002  0.31572399368855403     
 -0.12735248156746110        5.5888629944097198E-002  0.32972708774101700     
 -0.12976179316968120        6.8433687239713603E-002  0.17999010183535599     
 -0.12705447619063770        7.8620013864016403E-002  0.19268841037227599     
 -0.12512622334159110        8.6989390997338906E-002  0.20746431664574699     
 -0.12388723812183100        9.2877112524326705E-002  0.22382139938103601     
 -0.12327732569391810        9.5938731587903905E-002  0.24116173705392799     
 -0.12327733249407580        9.5938712034931498E-002  0.25883856405935002     
 -0.12388725945879320        9.2877047718285005E-002  0.27617887443059702     
 -0.12512625647862641        8.6989281243553707E-002  0.29253594120820697     
 -0.12705448814260870        7.8619979383600699E-002  0.30731164231790598     
 -0.12976179021037029        6.8433701917011799E-002  0.32000989020585402     
 -0.11668292002529509       -6.5917767543252001E-002  0.18261992783915801     
 -0.11297613098890288       -5.3654365831605100E-002  0.17423032984263601     
 -0.11288656329181140       -7.4789837684763494E-002  0.19501262652829099     
 -0.10813201051789829       -6.1397731524030802E-002  0.18764198728994499     
 -0.11018537219547220       -8.2146037372664904E-002  0.20927634807861301     
 -0.10437642675585949       -6.7639753044998002E-002  0.20350923370595700     
 -0.10844844044697739       -8.7382329786081903E-002  0.22496606333905400     
 -0.10181741972543198       -7.2002737233617900E-002  0.22129133058187700     
 -0.10759276415718999       -9.0129370902058498E-002  0.24155220922260601     
 -0.10052536132184409       -7.4261697876083804E-002  0.24029148083314000     
 -0.10759276961939879       -9.0129351296719798E-002  0.25844806832695699     
 -0.10052536993985450       -7.4261682444251298E-002  0.25970884418939699     
 -0.10844845498299439       -8.7382265265561795E-002  0.27503418681021402     
 -0.10181745120064820       -7.2002682285984596E-002  0.27870896081353502     
 -0.11018540635489139       -8.2145947127469907E-002  0.29072389020063399     
 -0.10437647724275730       -6.7639678169315903E-002  0.29649103789609998     
 -0.11288657402489649       -7.4789817566959099E-002  0.30498741512615501     
 -0.10813202435284129       -6.1397718303825698E-002  0.31235806550883699     
 -0.11668291642184689       -6.5917792827560898E-002  0.31738005543776199     
 -0.11297612516736560       -5.3654391059729301E-002  0.32576965754446302     
 -0.11027841473119669       -3.9669093305309003E-002  0.16728014788900600     
 -0.10439185278338800       -4.5708654451165599E-002  0.18171824285829699     
  -9.9786319565601397E-002  -5.0460915450903900E-002  0.19899670732348901     
  -9.6625807845187497E-002  -5.3737201233095500E-002  0.21846918258570100     
  -9.4997851060068597E-002  -5.5430558407618603E-002  0.23932914526366700     
  -9.4997859764671191E-002  -5.5430546995090098E-002  0.26067121628322298     
  -9.6625843129196587E-002  -5.3737161305204402E-002  0.28153114351003600     
  -9.9786381250710404E-002  -5.0460860285659097E-002  0.30100359476329103     
 -0.10439187073978390       -4.5708644186697699E-002  0.31828181860201199     
 -0.11027840683703109       -3.9669113598228903E-002  0.33271984328910198     
 -0.10852737556600439       -2.4372849542833499E-002  0.16236906926832700     
 -0.10182819471973670       -2.8221323234637899E-002  0.17761416502366600     
  -9.6580217866516799E-002  -3.1208516290235098E-002  0.19590618802600299     
  -9.3000987889912401E-002  -3.3247548805483300E-002  0.21655347950339399     
  -9.1165487234829895E-002  -3.4295899844506997E-002  0.23868073639605999     
  -9.1165498190628594E-002  -3.4295890736169100E-002  0.26131964655946999     
  -9.3001025758349593E-002  -3.3247519564406802E-002  0.28344686667496499     
  -9.6580285763224499E-002  -3.1208476245462299E-002  0.30409413095984800     
 -0.10182821764685220       -2.8221309304269401E-002  0.32238589805374401     
 -0.10852736930406190       -2.4372856499814601E-002  0.33763092041994103     
 -0.10771755107277339       -8.2494755885249207E-003  0.15979170838272200     
 -0.10053832898688320       -9.6006828658059106E-003  0.17546974661143200     
  -9.4968079264836594E-002  -1.0644005560225800E-002  0.19431048838880699     
  -9.1147933052445201E-002  -1.1358694087646800E-002  0.21556517030462199     
  -8.9200046728947296E-002  -1.1726014681353800E-002  0.23834682677871399     
  -8.9200063677617597E-002  -1.1726009179349701E-002  0.26165355330523599     
  -9.1147968330317297E-002  -1.1358679600555100E-002  0.28443517390992301     
  -9.4968147035016895E-002  -1.0643988420920399E-002  0.30568982778413800     
 -0.10053833884983449       -9.6006732962936794E-003  0.32453031225042001     
 -0.10771753865444179       -8.2494716169420005E-003  0.34020826854795999     
 -0.10775922716728630        8.2041078766622103E-003  0.15976737598223401     
 -0.10053644178664620        9.4380800366103794E-003  0.17544205070071500     
  -9.4929338757236192E-002   1.0367266274129301E-002  0.19428664615321301     
  -9.1088720711424903E-002   1.0989423763513299E-002  0.21554967110532600     
  -8.9130829693914296E-002   1.1304008497908200E-002  0.23834152424343999     
  -8.9130845698831493E-002   1.1304004939605700E-002  0.26165885123721400     
  -9.1088755627950393E-002   1.0989411695571400E-002  0.28445066819267001     
  -9.4929403215505193E-002   1.0367240718826800E-002  0.30571366469735101     
 -0.10053644416552129        9.4380637634870704E-003  0.32455800306212301     
 -0.10775920321073820        8.2040973940942803E-003  0.34023259636735398     
 -0.10859361947203669        2.4360820123214499E-002  0.16233460766634100     
 -0.10178866098225099        2.8075354931951801E-002  0.17757531639434099     
  -9.6463481587539202E-002   3.0929949550567500E-002  0.19587438114295000     
  -9.2812288016239294E-002   3.2863340785140603E-002  0.21653186677452299     
  -9.0937393966160796E-002   3.3851678788687597E-002  0.23867315783507401     
  -9.0937405158746987E-002   3.3851672158822801E-002  0.26132721745636200     
  -9.2812331544004298E-002   3.2863315083408201E-002  0.28346847128037700     
  -9.6463547600048494E-002   3.0929902388178800E-002  0.30412592968795299     
 -0.10178867678747100        2.8075333443771298E-002  0.32242473928338100     
 -0.10859359737966628        2.4360815785899000E-002  0.33766537606162800     
 -0.11033084011081629        3.9669169781890598E-002  0.16725390309444299     
 -0.10428894214972900        4.5570705567845003E-002  0.18169024157153599     
  -9.9537849274838996E-002   5.0190851324709899E-002  0.19897198225496901     
  -9.6264564662494501E-002   5.3360379185148799E-002  0.21845287388371301     
  -9.4572997540928697E-002   5.4993488630300597E-002  0.23932342755109601     
  -9.4573009004384395E-002   5.4993479435971597E-002  0.26067693258782298     
  -9.6264604381182797E-002   5.3360343445374200E-002  0.28154745084899102     
  -9.9537904022913487E-002   5.0190790208077700E-002  0.30102831867516899     
 -0.10428895197432039        4.5570687932921197E-002  0.31830981896854799     
 -0.11033081944098719        3.9669177861678999E-002  0.33274608749160600     
 -0.11300289835824479        5.3653217846578498E-002  0.17421649348509499     
 -0.10793820758199010        6.1262782058933901E-002  0.18762925484842999     
 -0.10400839943257278        6.7376995879934204E-002  0.20350394017531900     
 -0.10130898311768669        7.1641231080910403E-002  0.22128939599826600     
  -9.9939739245024001E-002   7.3845029337839596E-002  0.24029109581496999     
  -9.9939749415366486E-002   7.3845015809864495E-002  0.25970922245774403     
 -0.10130902393387758        7.1641178454336402E-002  0.27871088884712503     
 -0.10400845668453340        6.7376910949141000E-002  0.29649632374747198     
 -0.10793822076725559        6.1262757307491901E-002  0.31237079104438398     
 -0.11300288779665470        5.3653225996870599E-002  0.32578348668978202     
 -0.11668291971816130        6.5917776997879901E-002  0.18261993567889701     
 -0.11260393683547529        7.4658500784843401E-002  0.19502030264069400     
 -0.10966671312592760        8.1901546104827402E-002  0.20929190213665000     
 -0.10775905112119138        8.7051982473528994E-002  0.22498124673561401     
 -0.10681363568383079        8.9751530446507105E-002  0.24155849374751401     
 -0.10681364417656410        8.9751512767026906E-002  0.25844179555659902     
 -0.10775907860698600        8.7051921188051898E-002  0.27501901615617602     
 -0.10966675822106850        8.1901447872612596E-002  0.29070834802868500     
 -0.11260395077410409        7.4658472500262099E-002  0.30497975134333599     
 -0.11668291652045140        6.5917789762722001E-002  0.31738005896574201     
 -0.10421821155788460       -6.2217311405911697E-002  0.18652395184293299     
  -9.9660737346768891E-002  -5.0306968439617399E-002  0.17977118916266099     
  -9.9525527399690894E-002  -6.9299297054666004E-002  0.19857216102952599     
  -9.3516051203726691E-002  -5.6666666484269802E-002  0.19247516674754800     
  -9.6075000876822594E-002  -7.5159310854031797E-002  0.21210915205725400     
  -8.8604026760901192E-002  -6.1750780637142497E-002  0.20725132569368901     
  -9.3800068391286989E-002  -7.9346550012211303E-002  0.22678278499274099     
  -8.5186822137447493E-002  -6.5302615169085906E-002  0.22365392957027400     
  -9.2676561283763004E-002  -8.1504965589675196E-002  0.24217988608686200     
  -8.3456462914192495E-002  -6.7106260510602006E-002  0.24110118062340199     
  -9.2676569077799295E-002  -8.1504949118237094E-002  0.25782038463650703     
  -8.3456474999620001E-002  -6.7106247253589602E-002  0.25889912468129600     
  -9.3800091255775195E-002  -7.9346488422570499E-002  0.27321745940389502     
  -8.5186868574107497E-002  -6.5302561156623404E-002  0.27634634372203398     
  -9.6075048676098201E-002  -7.5159225850538899E-002  0.28789108364018301     
  -8.8604097531794296E-002  -6.1750707269052699E-002  0.29274893096303900     
  -9.9525540111594396E-002  -6.9299279767304198E-002  0.30142789176768198     
  -9.3516069240244096E-002  -5.6666653068446600E-002  0.30752488940679901     
 -0.10421820618141049       -6.2217329245870798E-002  0.31347604381996402     
  -9.9660730244962692E-002  -5.0306984904783303E-002  0.32022880443575902     
  -9.6278856861265888E-002  -3.6998830997379703E-002  0.17426516660403499     
  -8.8690236482092788E-002  -4.2061192105648598E-002  0.18767468245261501     
  -8.2596500896335592E-002  -4.5992154023812598E-002  0.20354109435306700     
  -7.8344923772168701E-002  -4.8694552312460601E-002  0.22131315354545100     
  -7.6148367822837695E-002  -5.0065572801306198E-002  0.24029929506405401     
  -7.6148380958377393E-002  -5.0065562684556301E-002  0.25970102581443499     
  -7.8344976636362099E-002  -4.8694511284687499E-002  0.27868713389144900     
  -8.2596587629806900E-002  -4.5992096269081899E-002  0.29645917193455401     
  -8.8690263514628304E-002  -4.2061178379929898E-002  0.31232536572121899     
  -9.6278851512485594E-002  -3.6998841037414500E-002  0.32573481564428097     
  -9.4026096751287203E-002  -2.2654153780578300E-002  0.17033536647029701     
  -8.5311347007265795E-002  -2.5931200329521800E-002  0.18433392237685201     
  -7.8332887537469489E-002  -2.8434190816658801E-002  0.20099435611778699     
  -7.3505214637768893E-002  -3.0136252427963400E-002  0.21972334748801600     
  -7.1023903678307188E-002  -3.0994973544902601E-002  0.23975944336855201     
  -7.1023918687282792E-002  -3.0994966131742099E-002  0.26024091377031999     
  -7.3505268534795290E-002  -3.0136224180752600E-002  0.28027697520162198     
  -7.8332979694351393E-002  -2.8434151327339601E-002  0.29900594248786599     
  -8.5311375097837996E-002  -2.5931189170239101E-002  0.31566614548408101     
  -9.4026085139138987E-002  -2.2654160857931500E-002  0.32966463324461098     
  -9.2973037596974201E-002  -7.6422743866962402E-003  0.16824882585188800     
  -8.3598472666281898E-002  -8.8278802939936295E-003  0.18257058885400201     
  -7.6176628160270488E-002  -9.7229722017966504E-003  0.19966999061067001     
  -7.1022453040838998E-002  -1.0337074956939101E-002  0.21889731187504699     
  -6.8390092023966592E-002  -1.0647142485196799E-002  0.23947951516144900     
  -6.8390115186337100E-002  -1.0647138281775100E-002  0.26052082906982499     
  -7.1022503165187101E-002  -1.0337061011138000E-002  0.28110299884265200     
  -7.6176721067296199E-002  -9.7229543631930301E-003  0.30033029521051502     
  -8.3598484636140294E-002  -8.8278737286489398E-003  0.31742946610580403     
  -9.2973021641517398E-002  -7.6422732430282501E-003  0.33175115317091702     
  -9.3026900277600896E-002   7.6199302132228097E-003  0.16821008885308100     
  -8.3604803771394690E-002   8.6139550154418904E-003  0.18253054561480100     
  -7.6143734750313691E-002   9.3556960773878393E-003  0.19963577682276001     
  -7.0968060068839198E-002   9.8426221465526195E-003  0.21887527030096501     
  -6.8325561787138098E-002   1.0082397799141300E-002  0.23947197225882899     
  -6.8325583750778893E-002   1.0082394501608000E-002  0.26052836336872598     
  -7.0968109321018588E-002   9.8426135189894001E-003  0.28112503139862199     
  -7.6143823156518589E-002   9.3556782596370992E-003  0.30036449967395001     
  -8.3604806683391389E-002   8.6139433179645997E-003  0.31746950016240999     
  -9.3026870658862504E-002   7.6199238394914796E-003  0.33178988162058298     
  -9.4111394291860995E-002   2.2647514171920999E-002  0.17027290376306101     
  -8.5286453787911290E-002   2.5716850504329501E-002  0.18427078733259700     
  -7.8227437378283290E-002   2.8048603454772801E-002  0.20094193673153901     
  -7.3327579319840200E-002   2.9611529091229400E-002  0.21968799441144499     
  -7.0807482578604600E-002   3.0393316571703799E-002  0.23974701124211301     
  -7.0807497534926891E-002   3.0393310979418300E-002  0.26025333265935302     
  -7.3327638151271690E-002   2.9611508406603801E-002  0.28031231425607200     
  -7.8227525555054397E-002   2.8048567146094900E-002  0.29905834822163502     
  -8.5286472701335589E-002   2.5716835676092301E-002  0.31572926725131201     
  -9.4111364654303295E-002   2.2647513866329700E-002  0.32972708463630701     
  -9.6346792348303095E-002   3.6997105369358303E-002  0.17421649020491700     
  -8.8601649351761194E-002   4.1848151676896303E-002  0.18762691268682000     
  -8.2361058300474993E-002   4.5611215886236400E-002  0.20349607892627600     
  -7.8000400843047796E-002   4.8175592525098898E-002  0.22128254373317399     
  -7.5742786790224392E-002   4.9470746649255701E-002  0.24028837881882201     
  -7.5742802028423192E-002   4.9470738495346799E-002  0.25971194548884102     
  -7.8000455489970796E-002   4.8175561291422399E-002  0.27871774696435803     
  -8.2361132933250800E-002   4.5611165344198901E-002  0.29650419193393301     
  -8.8601662258877292E-002   4.1848138024486503E-002  0.31237313954289597     
  -9.6346766930013497E-002   3.6997111380971198E-002  0.32578349669269102     
  -9.9694468802591293E-002   5.0305535426786903E-002  0.17974438022008599     
  -9.3333026869000593E-002   5.6460029950146498E-002  0.19245005026419601     
  -8.8250305951242697E-002   6.1382405082203002E-002  0.20723098914437299     
  -8.4700786208545695E-002   6.4807153749167096E-002  0.22364084152208799     
  -8.2898478569486497E-002   6.6541870583857604E-002  0.24109664634674099     
  -8.2898491597961699E-002   6.6541859108959100E-002  0.25890365774222301     
  -8.4700839865166189E-002   6.4807107891892798E-002  0.27635943056935403     
  -8.8250378997251397E-002   6.1382334842912903E-002  0.29276926624943000     
  -9.3333039838740500E-002   5.6460013102928398E-002  0.30755000473740801     
  -9.9694451949084495E-002   5.0305544057648900E-002  0.32025561226377303     
 -0.10421821172256299        6.2217315338082502E-002  0.18652395593971099     
  -9.9251512489160892E-002   6.9098278187008602E-002  0.19857868850387200     
  -9.5573180122089096E-002   7.4816457401013295E-002  0.21211677209165700     
  -9.3140720433169788E-002   7.8893717377616995E-002  0.22679170005667501     
  -9.1935830533808188E-002   8.0993393069986500E-002  0.24218378400279700     
  -9.1935841339969099E-002   8.0993377670400199E-002  0.25781649217805902     
  -9.3140755684898185E-002   7.8893662937050996E-002  0.27320855085155499     
  -9.5573236722194504E-002   7.4816374521562395E-002  0.28788347087186100     
  -9.9251528058819788E-002   6.9098256685421397E-002  0.30142137109941203     
 -0.10421820722015929        6.2217324550791799E-002  0.31347604587715500     
  -9.2597915864101404E-002  -5.7402084135898597E-002  0.19163139397405499     
  -8.7743394515745296E-002  -4.5782009926565601E-002  0.18656050771700700     
  -8.7585995046038700E-002  -6.2680402717986305E-002  0.20340025105840101     
  -8.0875122523913989E-002  -5.0746998776629602E-002  0.19861133743390399     
  -8.3747910032717698E-002  -6.6722493518011294E-002  0.21606597604236299     
  -7.5170164187741889E-002  -5.4426687774655202E-002  0.21214249803024501     
  -8.1142191890722790E-002  -6.9466720767384998E-002  0.22937626842848000     
  -7.1102622628502588E-002  -5.6861451036502801E-002  0.22680801395963299     
  -7.9825122402841897E-002  -7.0853793341629903E-002  0.24308123275572599     
  -6.9008566375120997E-002  -5.8067670124375602E-002  0.24218939223659899     
  -7.9825133754982291E-002  -7.0853779636043099E-002  0.25691901164871900     
  -6.9008582466145690E-002  -5.8067659126327401E-002  0.25781088609045599     
  -8.1142218741185601E-002  -6.9466682483698999E-002  0.27062395594723199     
  -7.1102677789747895E-002  -5.6861415588430698E-002  0.27319223908123202     
  -8.3747967054102590E-002  -6.6722428770113903E-002  0.28393424868977302     
  -7.5170247857952399E-002  -5.4426631131046399E-002  0.28785774714663898     
  -8.7586015096433295E-002  -6.2680380518024506E-002  0.29659980300159500     
  -8.0875145762943301E-002  -5.0746983128787899E-002  0.30138872432589198     
  -9.2597915864101404E-002  -5.7402084135898597E-002  0.30836860602594501     
  -8.7743387581412896E-002  -4.5782014486460201E-002  0.31343949625638501     
  -8.4004140716938000E-002  -3.3316886731118801E-002  0.18269384359993701     
  -7.5290330660257698E-002  -3.7393547243663498E-002  0.19508533943938100     
  -6.8073629230748500E-002  -4.0331912766113101E-002  0.20934304473163901     
  -6.2939492801662791E-002  -4.2242540345536303E-002  0.22501338884621699     
  -6.0249276700628795E-002  -4.3189720291169700E-002  0.24156948667520400     
  -6.0249293991829891E-002  -4.3189711926652698E-002  0.25843080714796302     
  -6.2939554738744588E-002  -4.2242512861527401E-002  0.27498687858175003     
  -6.8073730034182697E-002  -4.0331867442329299E-002  0.29065720972238701     
  -7.5290362533622091E-002  -3.7393533167791398E-002  0.30491471891020400     
  -8.4004132531295600E-002  -3.3316889910350402E-002  0.31730615532604201     
  -8.1469463575706391E-002  -2.0237081043444499E-002  0.18008712275587899     
  -7.1315904777446398E-002  -2.2936739254823500E-002  0.19277314028900100     
  -6.2973931053317792E-002  -2.4859446437130901E-002  0.20753000243068301     
  -5.7106968909264394E-002  -2.6094688031703100E-002  0.22386310599667500     
  -5.4055124034100399E-002  -2.6702879650289401E-002  0.24117598471751400     
  -5.4055144183521600E-002  -2.6702873215000700E-002  0.25882432162278102     
  -5.7107034585147196E-002  -2.6094667798347199E-002  0.27613717322193898     
  -6.2974043778250097E-002  -2.4859414596951301E-002  0.29247026080343402     
  -7.1315943791953398E-002  -2.2936728302620699E-002  0.30722691799429303     
  -8.1469453985163698E-002  -2.0237084252877700E-002  0.31991287514650502     
  -8.0262305609684295E-002  -6.7876882848636796E-003  0.17868752320116099     
  -6.9269047703726189E-002  -7.8042720213999999E-003  0.19154283174826400     
  -6.0364307560160896E-002  -8.5302702861466805E-003  0.20658596012594599     
  -5.4085903745902192E-002  -9.0019736089833498E-003  0.22326442115408299     
  -5.0844680760612090E-002  -9.2344939495048999E-003  0.24097165831256701     
  -5.0844711554295791E-002  -9.2344901746140105E-003  0.25902861891919099     
  -5.4085965627955590E-002  -9.0019626638316707E-003  0.27673582984514500     
  -6.0364424037181591E-002  -8.5302560202486204E-003  0.29341427381449697     
  -6.9269070311338193E-002  -7.8042673682402804E-003  0.30845719912563102     
  -8.0262296953144893E-002  -6.7876877896064503E-003  0.32131244048429097     
  -8.0323628992563900E-002   6.7879346450582202E-003  0.17862967853492401     
  -6.9278760890126800E-002   7.5428927694437004E-003  0.19148618564221101     
  -6.0334155466798989E-002   8.0428334380612896E-003  0.20653879693426799     
  -5.4033870555152297E-002   8.3483060175252397E-003  0.22323397552014099     
  -5.0782713738986601E-002   8.4929612848937304E-003  0.24096118465178701     
  -5.0782743084575296E-002   8.4929595603701995E-003  0.25903908026793199     
  -5.4033931240977301E-002   8.3483037999668407E-003  0.27676626252584502     
  -6.0334266755698099E-002   8.0428233547687501E-003  0.29346142358406402     
  -6.9278773363322499E-002   7.5428872936604500E-003  0.30851383200795601     
  -8.0323605089304195E-002   6.7879353558515099E-003  0.32137027270916402     
  -8.1566322059915999E-002   2.0238206504851999E-002  0.17999009421622400     
  -7.1297828101765701E-002   2.2660684621028201E-002  0.19267882050571300     
  -6.2877134095512197E-002   2.4340022275792499E-002  0.20745342906391701     
  -5.6939703542146100E-002   2.5398224173057801E-002  0.22381094341078800     
  -5.3850688248649692E-002   2.5912544083233000E-002  0.24115746755941000     
  -5.3850707810946988E-002   2.5912540985390600E-002  0.25884282407271902     
  -5.6939773202205696E-002   2.5398216011454901E-002  0.27618931961450699     
  -6.2877240939924889E-002   2.4339999598813600E-002  0.29254681796037502     
  -7.1297855542509891E-002   2.2660676569880599E-002  0.30732122199904099     
  -8.1566291517077796E-002   2.0238211324756401E-002  0.32000989049880901     
  -8.4082232456747993E-002   3.3317079974704900E-002  0.18261992783915801     
  -7.5210162315236501E-002   3.7113436708188598E-002  0.19501262652829099     
  -6.7853962627335090E-002   3.9814627804527797E-002  0.20927634807861301     
  -6.2617670213918092E-002   4.1551559553022602E-002  0.22496606333905400     
  -5.9870629097941497E-002   4.2407235842809997E-002  0.24155220922260601     
  -5.9870648703280197E-002   4.2407230380601200E-002  0.25844806832695699     
  -6.2617734734438199E-002   4.1551545017005601E-002  0.27503418681021402     
  -6.7854052872530088E-002   3.9814593645108601E-002  0.29072389020063399     
  -7.5210182433040895E-002   3.7113425975103503E-002  0.30498741512615501     
  -8.4082207172439097E-002   3.3317083578153099E-002  0.31738005543776199     
  -8.7782688594088304E-002   4.5781788442115397E-002  0.18652395184293299     
  -8.0700702945333991E-002   5.0474472600309100E-002  0.19857216102952599     
  -7.4840689145968198E-002   5.3924999123177400E-002  0.21210915205725400     
  -7.0653449987788691E-002   5.6199931608712998E-002  0.22678278499274099     
  -6.8495034410324798E-002   5.7323438716236998E-002  0.24217988608686200     
  -6.8495050881762901E-002   5.7323430922200699E-002  0.25782038463650703     
  -7.0653511577429495E-002   5.6199908744224800E-002  0.27321745940389502     
  -7.4840774149461095E-002   5.3924951323901800E-002  0.28789108364018301     
  -8.0700720232695797E-002   5.0474459888405598E-002  0.30142789176768198     
  -8.7782670754129197E-002   4.5781793818589503E-002  0.31347604381996402     
  -9.2597915864101404E-002   5.7402084135898597E-002  0.19163139397405499     
  -8.7319597282013689E-002   6.2414004953961301E-002  0.20340025105840101     
  -8.3277506481988700E-002   6.6252089967282296E-002  0.21606597604236299     
  -8.0533279232614996E-002   6.8857808109277205E-002  0.22937626842848000     
  -7.9146206658370091E-002   7.0174877597158097E-002  0.24308123275572599     
  -7.9146220363956896E-002   7.0174866245017703E-002  0.25691901164871900     
  -8.0533317516300995E-002   6.8857781258814393E-002  0.27062395594723199     
  -8.3277571229886091E-002   6.6252032945897404E-002  0.28393424868977302     
  -8.7319619481975488E-002   6.2413984903566699E-002  0.29659980300159500     
  -9.2597915864101404E-002   5.7402084135898597E-002  0.30836860602594501     
